0.000000000000000000e+00
3.015649737846772850e-03
6.031299475693545700e-03
9.046949213540319418e-03
1.206259895138709140e-02
1.507824868923386338e-02
1.809389842708063884e-02
2.110954816492741082e-02
2.412519790277418280e-02
2.714084764062095478e-02
3.015649737846772677e-02
3.317214711631449875e-02
3.618779685416127767e-02
3.920344659200804965e-02
4.221909632985482164e-02
4.523474606770159362e-02
4.825039580554836560e-02
5.126604554339513758e-02
5.428169528124190957e-02
5.729734501908868155e-02
6.031299475693545353e-02
6.332864449478223245e-02
6.634429423262899750e-02
6.935994397047577642e-02
7.237559370832255534e-02
7.539124344616932039e-02
7.840689318401609931e-02
8.142254292186286435e-02
8.443819265970964327e-02
8.745384239755640832e-02
9.046949213540318724e-02
9.348514187324995228e-02
9.650079161109673120e-02
9.951644134894351013e-02
1.025320910867902752e-01
1.055477408246370541e-01
1.085633905624838191e-01
1.115790403003305981e-01
1.145946900381773631e-01
1.176103397760241420e-01
1.206259895138709071e-01
1.236416392517176860e-01
1.266572889895644649e-01
1.296729387274112300e-01
1.326885884652579950e-01
1.357042382031047878e-01
1.387198879409515528e-01
1.417355376787983179e-01
1.447511874166451107e-01
1.477668371544918757e-01
1.507824868923386408e-01
1.537981366301854058e-01
1.568137863680321986e-01
1.598294361058789637e-01
1.628450858437257287e-01
1.658607355815724937e-01
1.688763853194192865e-01
1.718920350572660516e-01
1.749076847951128166e-01
1.779233345329596094e-01
1.809389842708063745e-01
1.839546340086531395e-01
1.869702837464999046e-01
1.899859334843466974e-01
1.930015832221934624e-01
1.960172329600402275e-01
1.990328826978870203e-01
2.020485324357337853e-01
2.050641821735805503e-01
2.080798319114273154e-01
2.110954816492741082e-01
2.141111313871208732e-01
2.171267811249676383e-01
2.201424308628144311e-01
2.231580806006611961e-01
2.261737303385079612e-01
2.291893800763547262e-01
2.322050298142015190e-01
2.352206795520482840e-01
2.382363292898950491e-01
2.412519790277418141e-01
2.442676287655886069e-01
2.472832785034353720e-01
2.502989282412821370e-01
2.533145779791289298e-01
2.563302277169756671e-01
2.593458774548224599e-01
2.623615271926692527e-01
2.653771769305159900e-01
2.683928266683627828e-01
2.714084764062095756e-01
2.744241261440563129e-01
2.774397758819031057e-01
2.804554256197498985e-01
2.834710753575966358e-01
2.864867250954434286e-01
2.895023748332902214e-01
2.925180245711369587e-01
2.955336743089837515e-01
2.985493240468304887e-01
3.015649737846772815e-01
3.045806235225240743e-01
3.075962732603708116e-01
3.106119229982176044e-01
3.136275727360643972e-01
3.136275727360643972e-01
3.155918587539784381e-01
3.175561447718925345e-01
3.195204307898065754e-01
3.214847168077206718e-01
3.234490028256347682e-01
3.254132888435488091e-01
3.273775748614629055e-01
3.293418608793770019e-01
3.313061468972910428e-01
3.332704329152051392e-01
3.352347189331192356e-01
3.371990049510332765e-01
3.391632909689473729e-01
3.411682321930375461e-01
3.432129319083658814e-01
3.452576316236942722e-01
3.473023313390226630e-01
3.493470310543509982e-01
3.513917307696793890e-01
3.534364304850077243e-01
3.554811302003361151e-01
3.575258299156645059e-01
3.595705296309928412e-01
3.616152293463212319e-01
3.636599290616495672e-01
3.657046287769779580e-01
3.677493284923063488e-01
3.700116495248708115e-01
3.722805127137985282e-01
3.745493759027262448e-01
3.768182390916539615e-01
3.790871022805816781e-01
3.813559654695093948e-01
3.836248286584371114e-01
3.858936918473648281e-01
3.881625550362925448e-01
3.904314182252202614e-01
3.927011201490384629e-01
3.949828877920380510e-01
3.972646554350376946e-01
3.995464230780372827e-01
4.018281907210369264e-01
4.041099583640365145e-01
4.063917260070361581e-01
4.086734936500357462e-01
4.109552612930353899e-01
4.132370289360349780e-01
4.155125596497267204e-01
4.174375828927005538e-01
4.193626061356743318e-01
4.212876293786481097e-01
4.232126526216219431e-01
4.251376758645957210e-01
4.270626991075695544e-01
4.289877223505433324e-01
4.309127455935171103e-01
4.328377688364909437e-01
4.347627920794647216e-01
4.366878153224384995e-01
4.386128385654123329e-01
4.406726845202974530e-01
4.428908396537205583e-01
4.451089947871436636e-01
4.473271499205667689e-01
4.495453050539898188e-01
4.517634601874129241e-01
4.539816153208360294e-01
4.561997704542591348e-01
4.584179255876822401e-01
4.606360807211052899e-01
4.628542358545283952e-01
4.649895901494884298e-01
4.670439072163132255e-01
4.690982242831379656e-01
4.711525413499627057e-01
4.732068584167874459e-01
4.752611754836121860e-01
4.773154925504369261e-01
4.793698096172616663e-01
4.814241266840864619e-01
4.834784437509112021e-01
4.855327608177359422e-01
4.875870778845606823e-01
4.896117808751828115e-01
4.916333493498383223e-01
4.936549178244938330e-01
4.956764862991493437e-01
4.976980547738048544e-01
4.997196232484604206e-01
5.017411917231159313e-01
5.037627601977714420e-01
5.057843286724269527e-01
5.078058971470824634e-01
5.098274656217379741e-01
5.118490340963934848e-01
5.138804378391256256e-01
5.159169483355545704e-01
5.179534588319835153e-01
5.199899693284123492e-01
5.220264798248412941e-01
5.240629903212702390e-01
5.260995008176991838e-01
5.281360113141280177e-01
5.301725218105569626e-01
5.322090323069859075e-01
5.342455428034147413e-01
5.362820532998436862e-01
5.381915292613418389e-01
5.399199872202635753e-01
5.416484451791853116e-01
5.433769031381069370e-01
5.451053610970286734e-01
5.468338190559504097e-01
5.485622770148720351e-01
5.502907349737937714e-01
5.520191929327153968e-01
5.537476508916371332e-01
5.554761088505588695e-01
5.572045668094804949e-01
5.589330247684022313e-01
5.606614827273239676e-01
5.624053762782493804e-01
5.641515200953188813e-01
5.658976639123883823e-01
5.676438077294578832e-01
5.693899515465273842e-01
5.711360953635968851e-01
5.728822391806663861e-01
5.746283829977358870e-01
5.763745268148053880e-01
5.781206706318748889e-01
5.798668144489443899e-01
5.816129582660138908e-01
5.833591020830833918e-01
5.851052459001528927e-01
5.867372205690076781e-01
5.883175873138029033e-01
5.898979540585982395e-01
5.914783208033934647e-01
5.930586875481886899e-01
5.946390542929839151e-01
5.962194210377791403e-01
5.977997877825744766e-01
5.993801545273697018e-01
6.009605212721649270e-01
6.025408880169601522e-01
6.041212547617554884e-01
6.057016215065507136e-01
6.072819882513459389e-01
6.087680861550563982e-01
6.101606475585651390e-01
6.115532089620738798e-01
6.129457703655827316e-01
6.143383317690914724e-01
6.157308931726002132e-01
6.171234545761089541e-01
6.185160159796178059e-01
6.199085773831265467e-01
6.213011387866352875e-01
6.226937001901441393e-01
6.240862615936528801e-01
6.254788229971616209e-01
6.268713844006703617e-01
6.282639458041792135e-01
6.296565072076879543e-01
6.310490686111966951e-01
6.324416300147055470e-01
6.338341914182142878e-01
6.352267528217231396e-01
6.366193142252318804e-01
6.380118756287406212e-01
6.394044370322494730e-01
6.407969984357582138e-01
6.421895598392669546e-01
6.435821212427758065e-01
6.449746826462845473e-01
6.463672440497932881e-01
6.477380543330739648e-01
6.489529421404550691e-01
6.501678299478361733e-01
6.513827177552171666e-01
6.525976055625982708e-01
6.538124933699792640e-01
6.550273811773603683e-01
6.562422689847414725e-01
6.574571567921224657e-01
6.586720445995035700e-01
6.598869324068846742e-01
6.611018202142656675e-01
6.623167080216467717e-01
6.635315958290278759e-01
6.647464836364088692e-01
6.658724938024066509e-01
6.669630349664340541e-01
6.680535761304615683e-01
6.691441172944889715e-01
6.702346584585163747e-01
6.713251996225438889e-01
6.724157407865712921e-01
6.735062819505988063e-01
6.745968231146262095e-01
6.756873642786536127e-01
6.767779054426811269e-01
6.778684466067085301e-01
6.789589877707360444e-01
6.800495289347634476e-01
6.811864692257597609e-01
6.823401213455996261e-01
6.834937734654396024e-01
6.846474255852794677e-01
6.858010777051193330e-01
6.869547298249593092e-01
6.881083819447991745e-01
6.892620340646390398e-01
6.904156861844790161e-01
6.915693383043188813e-01
6.927229904241587466e-01
6.938766425439986119e-01
6.950302946638385881e-01
6.961839467836784534e-01
6.973109684117674290e-01
6.984154494028309568e-01
6.995199303938944846e-01
7.006244113849580124e-01
7.017288923760215402e-01
7.028333733670850680e-01
7.039378543581485959e-01
7.050423353492121237e-01
7.061468163402756515e-01
7.072512973313391793e-01
7.083557783224027071e-01
7.094602593134662349e-01
7.105647403045297628e-01
7.116692212955932906e-01
7.128346805327220315e-01
7.141147979021167380e-01
7.153949152715114446e-01
7.166750326409060401e-01
7.179551500103007466e-01
7.192352673796954532e-01
7.205153847490900487e-01
7.217955021184847553e-01
7.230756194878794618e-01
7.243557368572740573e-01
7.256358542266687639e-01
7.269159715960634705e-01
7.281960889654580660e-01
7.294762063348527725e-01
7.307442968097189739e-01
7.319471255467533410e-01
7.331499542837875971e-01
7.343527830208218532e-01
7.355556117578562203e-01
7.367584404948904764e-01
7.379612692319248435e-01
7.391640979689590996e-01
7.403669267059933556e-01
7.415697554430277227e-01
7.427725841800619788e-01
7.439754129170963459e-01
7.451782416541306020e-01
7.463810703911648581e-01
7.475838991281992252e-01
7.487529081816293175e-01
7.499206102034419175e-01
7.510883122252545174e-01
7.522560142470671174e-01
7.534237162688797174e-01
7.545914182906923173e-01
7.557591203125049173e-01
7.569268223343175173e-01
7.580945243561302282e-01
7.592622263779428282e-01
7.604299283997554282e-01
7.615976304215680281e-01
7.627653324433806281e-01
7.639330344651932281e-01
7.649751625539903399e-01
7.659796556396809564e-01
7.669841487253714618e-01
7.679886418110619672e-01
7.689931348967524727e-01
7.699976279824429781e-01
7.710021210681334836e-01
7.720066141538239890e-01
7.730111072395144944e-01
7.740156003252051109e-01
7.750200934108956163e-01
7.760245864965861218e-01
7.770290795822766272e-01
7.780335726679671327e-01
7.790850050247372094e-01
7.802766899003136247e-01
7.814683747758900401e-01
7.826600596514664554e-01
7.838517445270428707e-01
7.850434294026192861e-01
7.862351142781957014e-01
7.874267991537720057e-01
7.886184840293484211e-01
7.898101689049248364e-01
7.910018537805012517e-01
7.921935386560776671e-01
7.933852235316540824e-01
7.945769084072304977e-01
7.956469943881407936e-01
7.965189551566110859e-01
7.973909159250814893e-01
7.982628766935517817e-01
7.991348374620221851e-01
8.000067982304924774e-01
8.008787589989627698e-01
8.017507197674331731e-01
8.026226805359034655e-01
8.034946413043737579e-01
8.043666020728441612e-01
8.052385628413144536e-01
8.061105236097847460e-01
8.069824843782551493e-01
8.078544451467254417e-01
8.087977131031417466e-01
8.099167669079607723e-01
8.110358207127796870e-01
8.121548745175986017e-01
8.132739283224176274e-01
8.143929821272365421e-01
8.155120359320554568e-01
8.166310897368744826e-01
8.177501435416933973e-01
8.188691973465123120e-01
8.199882511513313377e-01
8.211073049561502524e-01
8.222263587609691671e-01
8.234246426783272677e-01
8.246336188784609833e-01
8.258425950785946990e-01
8.270515712787285256e-01
8.282605474788622413e-01
8.294695236789959569e-01
8.306784998791297836e-01
8.318874760792634993e-01
8.330964522793972149e-01
8.343054284795310416e-01
8.355144046796647572e-01
8.367233808797984729e-01
8.379323570799322995e-01
8.391413332800660152e-01
8.403503094801997308e-01
8.414761988190835318e-01
8.425806798101469486e-01
8.436851608012104764e-01
8.447896417922740042e-01
8.458941227833375320e-01
8.469986037744010599e-01
8.481030847654645877e-01
8.492075657565281155e-01
8.503120467475916433e-01
8.514165277386551711e-01
8.525210087297186989e-01
8.536254897207821157e-01
8.547299707118456435e-01
8.558344517029091714e-01
8.569389326939726992e-01
8.580434136850362270e-01
8.591478946760997548e-01
8.602523756671632826e-01
8.613568566582269215e-01
8.624613376492904493e-01
8.635658186403539771e-01
8.646702996314175049e-01
8.657747806224810327e-01
8.668792616135445606e-01
8.679837426046080884e-01
8.690882235956716162e-01
8.701927045867351440e-01
8.712971855777986718e-01
8.724016665688621996e-01
8.735061475599257275e-01
8.746106285509892553e-01
8.757151095420527831e-01
8.768195905331163109e-01
8.779240715241798387e-01
8.790285525152433665e-01
8.801330335063068944e-01
8.812375144973704222e-01
8.823419954884339500e-01
8.834464764794974778e-01
8.845509574705610056e-01
8.856554384616245335e-01
8.867599194526880613e-01
8.878962141593278456e-01
8.891508193763248968e-01
8.904054245933219480e-01
8.916600298103189992e-01
8.929146350273160504e-01
8.941692402443131016e-01
8.954238454613102638e-01
8.966784506783073150e-01
8.979330558953043662e-01
8.991876611123014174e-01
9.004422663292984685e-01
9.014009258787655243e-01
9.022496810332559791e-01
9.030984361877464339e-01
9.039471913422368887e-01
9.047959464967273435e-01
9.056447016512177983e-01
9.064934568057082531e-01
9.073422119601987079e-01
9.081909671146891627e-01
9.090397222691796175e-01
9.098884774236700723e-01
9.107372325781605271e-01
9.115859877326509819e-01
9.125480270848428388e-01
9.135120493706527789e-01
9.144760716564627190e-01
9.154400939422726591e-01
9.164041162280825992e-01
9.173681385138924282e-01
9.183321607997023683e-01
9.192961830855123084e-01
9.202602053713222485e-01
9.212242276571321886e-01
9.221882499429421287e-01
9.231522722287520688e-01
9.241162945145620089e-01
9.250803168003719490e-01
9.259891428455423457e-01
9.268829525704986860e-01
9.277767622954550264e-01
9.286705720204114778e-01
9.295643817453678182e-01
9.304581914703241585e-01
9.313520011952806099e-01
9.322458109202369503e-01
9.331396206451934017e-01
9.340334303701497420e-01
9.349272400951060824e-01
9.358210498200625338e-01
9.367148595450188742e-01
9.376086692699752145e-01
9.384942181184201537e-01
9.393739866742050193e-01
9.402537552299898849e-01
9.411335237857748615e-01
9.420132923415597270e-01
9.428930608973445926e-01
9.437728294531294582e-01
9.446525980089143237e-01
9.455323665646993003e-01
9.464121351204841659e-01
9.472919036762690315e-01
9.481716722320538970e-01
9.490514407878388736e-01
9.499312093436237392e-01
9.507890581144792241e-01
9.516126664695290227e-01
9.524362748245788213e-01
9.532598831796286198e-01
9.540834915346784184e-01
9.549070998897281060e-01
9.557307082447779045e-01
9.565543165998277031e-01
9.573779249548775017e-01
9.582015333099273002e-01
9.590251416649769878e-01
9.598487500200267863e-01
9.606723583750765849e-01
9.614959667301263835e-01
9.623101718333479937e-01
9.630846458866439974e-01
9.638591199399398901e-01
9.646335939932357828e-01
9.654080680465317865e-01
9.661825420998276792e-01
9.669570161531235719e-01
9.677314902064195756e-01
9.685059642597154683e-01
9.692804383130113610e-01
9.700549123663073647e-01
9.708293864196032574e-01
9.716038604728992611e-01
9.723783345261951538e-01
9.731528085794910465e-01
9.739093785186838659e-01
9.746657978245680809e-01
9.754222171304522959e-01
9.761786364363363999e-01
9.769350557422206149e-01
9.776914750481048300e-01
9.784478943539890450e-01
9.792043136598732600e-01
9.799607329657574750e-01
9.807171522716416900e-01
9.814735715775257940e-01
9.822299908834100091e-01
9.829864101892942241e-01
9.837122099546189435e-01
9.843306707735679506e-01
9.849491315925169577e-01
9.855675924114659647e-01
9.861860532304149718e-01
9.868045140493639789e-01
9.874229748683129859e-01
9.880414356872619930e-01
9.886598965062110000e-01
9.892783573251600071e-01
9.898968181441090142e-01
9.905152789630580212e-01
9.911337397820070283e-01
9.917522006009560354e-01
9.923706614199050424e-01
9.928594478360727171e-01
9.932578751302924003e-01
9.936563024245119724e-01
9.940547297187315445e-01
9.944531570129512277e-01
9.948515843071707998e-01
9.952500116013903719e-01
9.956484388956099441e-01
9.960468661898296272e-01
9.964452934840491993e-01
9.968437207782687715e-01
9.972421480724884546e-01
9.976405753667080267e-01
9.980390026609275989e-01
9.983126703938861590e-01
9.983858238798880569e-01
9.984589773658898437e-01
9.985321308518917416e-01
9.986052843378935284e-01
9.986784378238954263e-01
9.987515913098972131e-01
9.988247447958991110e-01
9.988978982819010088e-01
9.989710517679027957e-01
9.990442052539046935e-01
9.991173587399064804e-01
9.991905122259083782e-01
9.992636657119101651e-01
9.992253366960162086e-01
9.986522715054677590e-01
9.980792063149193094e-01
9.975061411243708598e-01
9.969330759338224102e-01
9.963600107432738495e-01
9.957869455527253999e-01
9.952138803621769503e-01
9.946408151716285007e-01
9.940677499810799400e-01
9.934946847905314904e-01
9.929216195999830408e-01
9.923485544094345912e-01
9.917754892188860305e-01
9.912024240283375809e-01
9.900355524756176973e-01
9.883207306464169006e-01
9.866059088172161040e-01
9.848910869880154184e-01
9.831762651588146218e-01
9.814614433296138252e-01
9.797466215004130285e-01
9.780317996712123430e-01
9.763169778420115463e-01
9.746021560128107497e-01
9.728873341836099531e-01
9.711725123544092675e-01
9.689230919985666324e-01
9.663901429111506625e-01
9.638571938237346926e-01
9.613242447363187226e-01
9.587912956489027527e-01
9.562583465614867828e-01
9.537253974740708129e-01
9.511924483866548430e-01
9.486594992992388731e-01
9.456622055190880838e-01
9.423330485225606123e-01
9.390038915260331409e-01
9.356747345295056695e-01
9.323455775329781980e-01
9.290164205364507266e-01
9.256872635399232552e-01
9.222617324418489471e-01
9.187184585980570084e-01
9.151751847542650697e-01
9.116319109104731311e-01
9.080886370666811924e-01
9.045453632228892538e-01
9.010020893790973151e-01
8.967938692048385008e-01
8.916205187428318801e-01
8.864471682808253705e-01
8.812738178188188609e-01
8.761004673568122403e-01
8.697382334769716561e-01
8.630133816493780197e-01
8.562885298217843832e-01
8.495636779941907468e-01
8.438775506814655269e-01
8.382115645931488279e-01
8.325455785048321289e-01
8.268795924165154299e-01
8.207128005782738933e-01
8.145247826374302225e-01
8.083367646965865516e-01
8.021487467557427697e-01
7.966749832757793470e-01
7.912645775474588250e-01
7.858541718191383030e-01
7.804437660908177810e-01
7.750333603624971479e-01
7.657992353747676839e-01
7.559200850694153262e-01
7.460409347640630795e-01
7.362840575123629216e-01
7.266125242376629823e-01
7.169409909629629318e-01
7.072650595035242516e-01
6.975877273250919997e-01
6.880748550264194074e-01
6.788500695164101373e-01
6.696252840064008671e-01
6.585745253269815747e-01
6.469215688658618291e-01
6.377127737452611411e-01
6.291617113162895070e-01
6.206106488873177618e-01
6.119416444573430036e-01
6.032678679891986251e-01
5.945940915210543576e-01
5.815883270222349521e-01
5.676520667034111733e-01
5.561264128781642224e-01
5.447336847881216748e-01
5.341880130452204556e-01
5.243410971128555920e-01
5.144941811804906173e-01
5.058393813446591114e-01
4.972678829099667630e-01
4.886963844752743591e-01
4.786439494419947316e-01
4.680575601565233335e-01
4.573539906927208687e-01
4.457869460550394347e-01
4.349030337906935051e-01
4.267110393717597483e-01
4.185190449528259915e-01
4.103270505338922347e-01
4.018654811341209609e-01
3.926122785880573618e-01
3.833590760419937626e-01
3.741058734959301635e-01
3.636124161761003504e-01
3.523122142317998695e-01
3.410971338988766366e-01
3.308385139388435037e-01
3.205798939788103707e-01
3.127630463473275446e-01
3.068602189511858147e-01
3.009573915550440848e-01
2.950545641589023549e-01
2.891517367627606250e-01
2.821126303802605761e-01
2.749680532182920412e-01
2.678234760563234507e-01
2.606839604961040391e-01
2.542349965177808091e-01
2.477860325394576069e-01
2.413370685611343769e-01
2.350448384398932111e-01
2.301234660730238635e-01
2.252020937061545436e-01
2.252020937061545436e-01
2.194276810470223715e-01
2.136532683878901995e-01
2.078788557287580274e-01
2.021044430696258831e-01
1.963300304104937111e-01
1.905556177513615390e-01
1.847812050922293670e-01
1.790067924330971949e-01
1.732323797739650506e-01
1.674579671148328508e-01
1.616835544557007065e-01
1.559091417965685344e-01
1.501347291374363624e-01
1.443603164783041903e-01
1.385859038191720183e-01
1.328114911600398740e-01
1.270370785009076742e-01
1.212626658417755299e-01
1.154882531826433578e-01
1.097138405235111858e-01
1.039394278643790276e-01
9.816501520524684166e-02
9.239060254611469736e-02
8.661618988698252530e-02
8.084177722785035325e-02
7.506736456871818119e-02
6.929295190958600914e-02
6.351853925045383709e-02
5.774412659132169279e-02
5.196971393218952073e-02
4.619530127305734868e-02
4.042088861392517662e-02
3.464647595479300457e-02
2.887206329566083252e-02
2.309765063652866046e-02
1.732323797739651616e-02
1.154882531826434411e-02
5.774412659132172054e-03
0.000000000000000000e+00
0.000000000000000000e+00
0.000000000000000000e+00
0.000000000000000000e+00
0.000000000000000000e+00
0.000000000000000000e+00
0.000000000000000000e+00
0.000000000000000000e+00
0.000000000000000000e+00
0.000000000000000000e+00
0.000000000000000000e+00
0.000000000000000000e+00
0.000000000000000000e+00
0.000000000000000000e+00
0.000000000000000000e+00
0.000000000000000000e+00
0.000000000000000000e+00
0.000000000000000000e+00
0.000000000000000000e+00
0.000000000000000000e+00
0.000000000000000000e+00
0.000000000000000000e+00
0.000000000000000000e+00
0.000000000000000000e+00
0.000000000000000000e+00
0.000000000000000000e+00
0.000000000000000000e+00
0.000000000000000000e+00
0.000000000000000000e+00
0.000000000000000000e+00
0.000000000000000000e+00
0.000000000000000000e+00
0.000000000000000000e+00
0.000000000000000000e+00
0.000000000000000000e+00
0.000000000000000000e+00
0.000000000000000000e+00
0.000000000000000000e+00
0.000000000000000000e+00
0.000000000000000000e+00
0.000000000000000000e+00
0.000000000000000000e+00
0.000000000000000000e+00
0.000000000000000000e+00
0.000000000000000000e+00
0.000000000000000000e+00
0.000000000000000000e+00
0.000000000000000000e+00
0.000000000000000000e+00
0.000000000000000000e+00
0.000000000000000000e+00
0.000000000000000000e+00
0.000000000000000000e+00
0.000000000000000000e+00
0.000000000000000000e+00
0.000000000000000000e+00
0.000000000000000000e+00
0.000000000000000000e+00
0.000000000000000000e+00
0.000000000000000000e+00
0.000000000000000000e+00
0.000000000000000000e+00
0.000000000000000000e+00
0.000000000000000000e+00
0.000000000000000000e+00
0.000000000000000000e+00
0.000000000000000000e+00
0.000000000000000000e+00
0.000000000000000000e+00
0.000000000000000000e+00
0.000000000000000000e+00
0.000000000000000000e+00
0.000000000000000000e+00
0.000000000000000000e+00
0.000000000000000000e+00
0.000000000000000000e+00
0.000000000000000000e+00
0.000000000000000000e+00
0.000000000000000000e+00
0.000000000000000000e+00
0.000000000000000000e+00
0.000000000000000000e+00
0.000000000000000000e+00
0.000000000000000000e+00
0.000000000000000000e+00
0.000000000000000000e+00
0.000000000000000000e+00
0.000000000000000000e+00
0.000000000000000000e+00
0.000000000000000000e+00
0.000000000000000000e+00
0.000000000000000000e+00
0.000000000000000000e+00
0.000000000000000000e+00
0.000000000000000000e+00
0.000000000000000000e+00
0.000000000000000000e+00
0.000000000000000000e+00
0.000000000000000000e+00
0.000000000000000000e+00
0.000000000000000000e+00
0.000000000000000000e+00
0.000000000000000000e+00
0.000000000000000000e+00
0.000000000000000000e+00
0.000000000000000000e+00
0.000000000000000000e+00
0.000000000000000000e+00
0.000000000000000000e+00
0.000000000000000000e+00
0.000000000000000000e+00
0.000000000000000000e+00
0.000000000000000000e+00
0.000000000000000000e+00
0.000000000000000000e+00
0.000000000000000000e+00
0.000000000000000000e+00
0.000000000000000000e+00
0.000000000000000000e+00
0.000000000000000000e+00
0.000000000000000000e+00
0.000000000000000000e+00
0.000000000000000000e+00
0.000000000000000000e+00
0.000000000000000000e+00
0.000000000000000000e+00
0.000000000000000000e+00
0.000000000000000000e+00
0.000000000000000000e+00
0.000000000000000000e+00
0.000000000000000000e+00
0.000000000000000000e+00
0.000000000000000000e+00
0.000000000000000000e+00
0.000000000000000000e+00
0.000000000000000000e+00
0.000000000000000000e+00
0.000000000000000000e+00
0.000000000000000000e+00
0.000000000000000000e+00
0.000000000000000000e+00
0.000000000000000000e+00
0.000000000000000000e+00
0.000000000000000000e+00
0.000000000000000000e+00
0.000000000000000000e+00
0.000000000000000000e+00
0.000000000000000000e+00
0.000000000000000000e+00
0.000000000000000000e+00
0.000000000000000000e+00
0.000000000000000000e+00
0.000000000000000000e+00
0.000000000000000000e+00
0.000000000000000000e+00
0.000000000000000000e+00
0.000000000000000000e+00
0.000000000000000000e+00
0.000000000000000000e+00
0.000000000000000000e+00
0.000000000000000000e+00
0.000000000000000000e+00
0.000000000000000000e+00
0.000000000000000000e+00
0.000000000000000000e+00
0.000000000000000000e+00
0.000000000000000000e+00
0.000000000000000000e+00
0.000000000000000000e+00
0.000000000000000000e+00
0.000000000000000000e+00
0.000000000000000000e+00
0.000000000000000000e+00
0.000000000000000000e+00
0.000000000000000000e+00
0.000000000000000000e+00
0.000000000000000000e+00
0.000000000000000000e+00
0.000000000000000000e+00
0.000000000000000000e+00
0.000000000000000000e+00
