2.260368136956159208e-04
4.553628045798512112e-04
7.217366210569841093e-04
1.849270524179775620e-03
2.524988386076708943e-03
4.425330321121944029e-03
5.027883804892510633e-03
7.552228225555785227e-03
1.028016478846643239e-02
1.104549291443282857e-02
1.378383199556049328e-02
2.248529080509171010e-02
2.521273200999202269e-02
2.889076523672373664e-02
3.233003590247435222e-02
3.650095034948862976e-02
3.323257819730332518e-02
4.607820212129078163e-02
4.746272776017496781e-02
5.434572731376920152e-02
5.586152282539196684e-02
6.644732350623462624e-02
6.043367726077698149e-02
5.757546154114842607e-02
7.357057169484096382e-02
7.680030592222018837e-02
1.033713095965486939e-01
1.081564679763774295e-01
9.794713938338878156e-02
1.154035556675673257e-01
1.297441700667434916e-01
1.131150016598231473e-01
1.214023411727149365e-01
1.201887140473960613e-01
1.180091388019254145e-01
1.311559403961960746e-01
1.179596030008919910e-01
1.078245781094534922e-01
1.254296017967322929e-01
1.342222064801650017e-01
1.469182322850315359e-01
1.383633994465592321e-01
1.442532061894333251e-01
1.528526212488356961e-01
1.255831627799359196e-01
1.379770201984985289e-01
1.443076955705701048e-01
1.501826415731341291e-01
1.451696185085516455e-01
1.429801361028743278e-01
1.630371819413075907e-01
1.714087323159562137e-01
1.618532762966087557e-01
1.633443039077148162e-01
1.908267663210583276e-01
1.938831252448205977e-01
1.764811983417788055e-01
1.462643597113903182e-01
1.383832137669726015e-01
1.518272301674438163e-01
1.943784832551548325e-01
1.697988187823699369e-01
1.751090566531529613e-01
1.981679720342117423e-01
2.004812939424726326e-01
2.071091841207447215e-01
2.452418437562743359e-01
2.420765060702385618e-01
2.244912967033730888e-01
2.340269384023072052e-01
2.559316696192871499e-01
2.359291131619906390e-01
2.303711962860404971e-01
2.121766965664639570e-01
1.914608245742861758e-01
2.035277457060281903e-01
2.338981453196202764e-01
2.477483552885655915e-01
2.987702303529920500e-01
2.606375707174624079e-01
2.464455637213865125e-01
2.695936435443054280e-01
2.078423139760393890e-01
1.617244832139218824e-01
1.817419004115284065e-01
2.409322290663664379e-01
2.228318473687534162e-01
2.345173428325380838e-01
2.295984377899191187e-01
2.482783883596232088e-01
2.895714321010852688e-01
3.102625361927463521e-01
2.905571945416503543e-01
1.758620008288610259e-01
1.821926762009325740e-01
2.976903498904633905e-01
2.795949217729536973e-01
1.579300408547616164e-01
3.167517261281248553e-01
3.983074689495537113e-01
4.160462392996227554e-01
4.343843928421962097e-01
4.526928249041496377e-01
4.369602544959342305e-01
4.450742187052090792e-01
4.351670584985243284e-01
4.254035521148364918e-01
4.188004298370811562e-01
4.383323961845601024e-01
4.691882466482797387e-01
4.007941661614315976e-01
4.496364659803873676e-01
4.789418458717609184e-01
4.604402241857771250e-01
4.563931492413464408e-01
4.734086968963274744e-01
4.885616984324518408e-01
4.774854933213782404e-01
4.576711729080087387e-01
4.772972572774512034e-01
4.382283710023899270e-01
4.986769090034768870e-01
4.928762667024630395e-01
4.781740409557428406e-01
4.764452414996763752e-01
4.919499472231380066e-01
4.788477278497973999e-01
4.634074186676792051e-01
4.687325172787722982e-01
4.347559113499468997e-01
3.474143869678141261e-01
3.159343854110733263e-01
5.264664933832275961e-01
4.906521092360622838e-01
4.540104772116387299e-01
4.988255164065771297e-01
5.479154952307001558e-01
5.600517664838889909e-01
4.922273477089251781e-01
4.743201556353424664e-01
5.445470607604272484e-01
5.379092634219485580e-01
5.765967240290524876e-01
5.856617756181690115e-01
5.714945365226098417e-01
5.940333259928176624e-01
5.333024339258400914e-01
6.071603132666749669e-01
6.153337204371898128e-01
6.146897550237553354e-01
6.380706531115314384e-01
6.625908746230760871e-01
6.351480408505594255e-01
5.871973854502051671e-01
6.305907471554843546e-01
6.268755620779776772e-01
6.483245639254501258e-01
6.545165390546280326e-01
6.412904801787039366e-01
6.369808654887960664e-01
6.336124310185231590e-01
6.565970426980317631e-01
6.633834474396108627e-01
6.663555955016162713e-01
6.466898824913471788e-01
6.392595123363334908e-01
6.533772156308592649e-01
6.249436658376741338e-01
6.527827860184582942e-01
6.562007562897644863e-01
6.315319273751194284e-01
6.427270184086733007e-01
6.767085779176019722e-01
6.510985687833218405e-01
6.590242969486695968e-01
6.813649432147437235e-01
6.587766179435025071e-01
6.633834474396108627e-01
6.855259505015512955e-01
6.729933928400951837e-01
6.848324492870834224e-01
6.853773430984509973e-01
6.884980985635567041e-01
6.807209778013092460e-01
6.683370275429533214e-01
6.666032745067833609e-01
5.408318756829205709e-01
6.060705256439395949e-01
6.564484352949315760e-01
6.188012265095296227e-01
6.919160688348630073e-01
6.655134868840480999e-01
6.349498976464257316e-01
6.795816543775404783e-01
6.638788054499451530e-01
7.052907351138874015e-01
6.711110324008250361e-01
6.829996246488467815e-01
6.648199856695802268e-01
6.652162720778476146e-01
6.633339116385774670e-01
6.434700554241745696e-01
6.435195912252079653e-01
6.735382866514627587e-01
6.282130287058800278e-01
6.735878224524961544e-01
7.010801920260464337e-01
6.711110324008250361e-01
6.543679316515277344e-01
6.860708443129189815e-01
6.685847065481204110e-01
6.812658716126768210e-01
6.996931895971105764e-01
6.576868303207672461e-01
6.441140208376090470e-01
6.630366968323769816e-01
6.694268151656885824e-01
5.457359199852294118e-01
6.243987720263064478e-01
6.054265602305051175e-01
6.612534079951737365e-01
6.663555955016162713e-01
6.816126222199108131e-01
6.427765542097066964e-01
6.916188540286625219e-01
6.865166665222197651e-01
6.676930621295188439e-01
5.842747731892331542e-01
6.691296003594880970e-01
7.005352982146786367e-01
6.735878224524961544e-01
7.107396732275640394e-01
6.981575797650744208e-01
6.236557350108050679e-01
6.682874917419198146e-01
6.786900099589389113e-01
7.079656683696923247e-01
6.553091118711628082e-01
6.883494911604565170e-01
6.716063904111592153e-01
6.487208503337175136e-01
6.239034140159722686e-01
6.793339753723733887e-01
6.683865633439867171e-01
6.920646762379633055e-01
6.765104347134681673e-01
6.705166027884238433e-01
6.794825827754735759e-01
6.603617635765720584e-01
6.812163358116434253e-01
6.760646125041673837e-01
6.756187902948664892e-01
6.896869577883589786e-01
6.703679953853236562e-01
6.836931258633146546e-01
6.877055257470220395e-01
6.762132199072676819e-01
6.598664055662378791e-01
6.743308594679975343e-01
6.382687963156650213e-01
6.498106379564528856e-01
6.878045973490888310e-01
6.551109686670291143e-01
6.801760839899415600e-01
6.670490967160842555e-01
6.714577830080589171e-01
6.351975766515928212e-01
6.773030075300029429e-01
6.714082472070255214e-01
6.552595760701294125e-01
6.558540056825304942e-01
6.345536112381582328e-01
6.704175311863570519e-01
6.734392150493958562e-01
6.700707805791231708e-01
6.551109686670291143e-01
6.498106379564528856e-01
6.663555955016162713e-01
6.459468454758457989e-01
6.553586476721962040e-01
6.665042029047165695e-01
6.696249583698222763e-01
6.800770123878747686e-01
6.871606319356543535e-01
6.858231653077518919e-01
6.804732987961420454e-01
6.642255560571791451e-01
6.790367605661727923e-01
6.639283412509785487e-01
5.737236475691138704e-01
6.100829255276469798e-01
6.524360354112241911e-01
6.390118333311664012e-01
6.482254923233832233e-01
6.454019516644781129e-01
6.375257593001636414e-01
6.568447217031989638e-01
6.589747611476362010e-01
6.509994971812550490e-01
6.511481045843552362e-01
6.577363661218006419e-01
6.500583169616199752e-01
6.403988357601022585e-01
6.541202526463606448e-01
6.657116300881819049e-01
6.646713782664800396e-01
6.614515511993073194e-01
6.654639510830147042e-01
6.633834474396108627e-01
6.584298673362685150e-01
6.557053982794303071e-01
6.523864996101907954e-01
6.622936598168756017e-01
6.529809292225919881e-01
6.332161446102558822e-01
6.565475068969983674e-01
6.393090481373669975e-01
6.312842483699523388e-01
6.552595760701294125e-01
6.584298673362685150e-01
6.587766179435025071e-01
6.617487660055080267e-01
6.381201889125648341e-01
6.337115026205901724e-01
6.316309989771862199e-01
6.274699916903786479e-01
6.268755620779776772e-01
6.450552010572441208e-01
6.106773551400479505e-01
6.319777495844203230e-01
6.236061992097715612e-01
6.340087174267906578e-01
6.106278193390145548e-01
6.494143515481853868e-01
6.393585839384003933e-01
6.471852405016813581e-01
6.324731075947545023e-01
6.540707168453272491e-01
6.584298673362685150e-01
6.557549340804637028e-01
6.420830529952387122e-01
6.424793394035061000e-01
6.437177344293417702e-01
6.504050675688538563e-01
6.476310627109821416e-01
6.523864996101907954e-01
6.339096458247238663e-01
6.312842483699523388e-01
6.253894880469749173e-01
6.060209898429061992e-01
6.092408169100786974e-01
6.474824553078818434e-01
6.220705893777355167e-01
6.414886233828376305e-01
6.344050038350580456e-01
6.053274886284382150e-01
5.313705376855366591e-01
5.556926159929476139e-01
6.211789449591338386e-01
6.234575918066713740e-01
6.275195274914120436e-01
6.250427374397409253e-01
6.200891573363985776e-01
6.211294091581004428e-01
6.264792756697101783e-01
6.375752951011971481e-01
6.370304012898294621e-01
6.324235717937209955e-01
6.345536112381582328e-01
6.455505590675783001e-01
6.366836506825955810e-01
6.354947914577933066e-01
6.266774188738438722e-01
6.320768211864871144e-01
6.311851767678854364e-01
6.260829892614427905e-01
6.333647520133560693e-01
6.275690632924455503e-01
6.309374977627183467e-01
6.255876312511085002e-01
6.266278830728104765e-01
6.242006288221727539e-01
6.272223126852115582e-01
6.204854437446659654e-01
6.164730438609585805e-01
6.169188660702594751e-01
6.030488417809007906e-01
4.373268194235816475e-01
5.050174915357552585e-01
5.082373186029277567e-01
5.323117179051716219e-01
5.548505073753795536e-01
5.704542847009079765e-01
5.669867786285682776e-01
5.606461960962899616e-01
5.715440723236432374e-01
5.703056772978076783e-01
6.019095183571320229e-01
5.924977161607815068e-01
5.806091239127597614e-01
5.763985808249187937e-01
5.691168180730055148e-01
5.696617118843730898e-01
5.729806105536126015e-01
5.876927434605393463e-01
5.938847185897174752e-01
5.907144273235782617e-01
5.882376372719070323e-01
5.864543484347037872e-01
5.884853162770741219e-01
5.921509655535475147e-01
5.911602495328790452e-01
5.872964570522720695e-01
5.805100523106929700e-01
5.856617756181690115e-01
5.660951342099667105e-01
5.720394303339775277e-01
4.993704102179448712e-01
4.650074250410587973e-01
4.174580096290753661e-01
4.455249944946132468e-01
4.902409620874849105e-01
5.588133714580534317e-01
5.163116541713758112e-01
4.770545318523874423e-01
4.693071325707599550e-01
4.886112342334852365e-01
4.903449872696550305e-01
4.704315952542186818e-01
4.730817606095069072e-01
5.099215358380642105e-01
4.839746832567567436e-01
5.211166268716179717e-01
5.399897670653523996e-01
5.578226554373849622e-01
5.498969272720370949e-01
5.445965965614607551e-01
5.438040237449259795e-01
5.540083987578112712e-01
5.377111202178147531e-01
5.507885716906387730e-01
5.487576038482683272e-01
5.490548186544689235e-01
5.605471244942231701e-01
5.651044181892982410e-01
5.649062749851645471e-01
5.637669515613956683e-01
5.641632379696631672e-01
5.608938751014571622e-01
5.590610504632205213e-01
5.584170850497859329e-01
5.559898307991482103e-01
5.580207986415186561e-01
5.552963295846803371e-01
5.623799491324599220e-01
5.607948034993903708e-01
5.540579345588446669e-01
5.536121123495438834e-01
5.570796184218835823e-01
5.415253768973884441e-01
1.224326858342101448e-01
7.097489572068954589e-02
3.145077543413107302e-01
1.744502304994084152e-01
2.471093434552344148e-01
3.139430462095296748e-01
3.719147941589455719e-01
4.437119841767899198e-01
5.063549581636576091e-01
5.125469332928355159e-01
5.273581378018292742e-01
5.308256438741689731e-01
5.350857227630434476e-01
5.348380437578763580e-01
5.349866511609765451e-01
5.350361869620100519e-01
5.363241177888790068e-01
5.332033623237733000e-01
5.327080043134390097e-01
5.351352585640768433e-01
5.293891056441996090e-01
5.281507106183640499e-01
5.307265722721020706e-01
5.286460686286982291e-01
5.251785625563586413e-01
5.275067452049295724e-01
5.278534958121635645e-01
5.216119848819521509e-01
5.151227949465736478e-01
5.131413629052367087e-01
4.975871213807415705e-01
5.042249187192203719e-01
4.995190176210451138e-01
4.961010473497389217e-01
5.003611262386132852e-01
4.986273732024434913e-01
4.903301265293450450e-01
4.981815509931427077e-01
5.074942815874263768e-01
4.977357287838418132e-01
4.897059754363238815e-01
4.952490315719640379e-01
4.959029041456052278e-01
4.868774811973153871e-01
4.926434484376058798e-01
4.818347366521128494e-01
5.014013780603152615e-01
4.962496547528391644e-01
4.945852518381161356e-01
4.822458838006902782e-01
4.829146171146414535e-01
4.818495973924228903e-01
4.700055873653312677e-01
4.618519945152296802e-01
4.145205366277933678e-01
4.107855372298731544e-01
3.822727301550344348e-01
3.912535708823941527e-01
3.779532083049198521e-01
4.153279701846381289e-01
3.957860966769524702e-01
4.571758148976745040e-01
4.363162890824997531e-01
3.099752285467524682e-01
4.290741549714132130e-01
4.445937214351848854e-01
4.286332863422157025e-01
4.516575266625511009e-01
3.906888627506131528e-01
4.266766222013954613e-01
4.207075581768679462e-01
4.243533931329279141e-01
4.109539589533867665e-01
4.389961759184080048e-01
4.290196655902764333e-01
4.602718024622635129e-01
4.464909426147650184e-01
4.631250646017887052e-01
4.586272138679537980e-01
4.596080227284156661e-01
4.662507736469977404e-01
4.637838907555332235e-01
4.577652909299722572e-01
4.615300118085124970e-01
4.529256431690067974e-01
4.667560388175386321e-01
4.678507800203773326e-01
4.554668297620214079e-01
4.557789053085319897e-01
4.529900397103502341e-01
4.106517905670828972e-01
4.480711346677312412e-01
4.455349016548199037e-01
4.435435624532763077e-01
3.913328281640476858e-01
4.197960994378529542e-01
4.475212872762602268e-01
4.560216307335957509e-01
4.561950060372126914e-01
4.561306094958692547e-01
4.545603246031097444e-01
4.539857093111219766e-01
4.575473334054251939e-01
4.603560133240203189e-01
4.505578318796091275e-01
4.432810227077991772e-01
3.907483057118532610e-01
4.213812450709225055e-01
4.415621304119393131e-01
4.371633512801713084e-01
4.454903194338898365e-01
4.392389013434717659e-01
4.452624547491360607e-01
4.408636756173680560e-01
4.331955336173941018e-01
4.270184192285261249e-01
4.390110366587179902e-01
4.406110430320976379e-01
4.389218722168578557e-01
4.316747845256679872e-01
4.331113227556372403e-01
4.188895942789412907e-01
4.299063564287747274e-01
4.284549574584954335e-01
4.302630141962153765e-01
4.354840876251382387e-01
4.186518224339808580e-01
4.200586391833300848e-01
4.255075772970067227e-01
4.311645657750237115e-01
4.263942681355049613e-01
4.272710518137965985e-01
4.195087917918590703e-01
4.032808633733094283e-01
3.933786567467280615e-01
3.762541303294734685e-01
3.530168860646943907e-01
3.086575762392634315e-01
3.325685073980970685e-01
2.549161856981019825e-01
3.439221129949577849e-01
2.782029657639145115e-01
3.095987564588984498e-01
3.194217058038263946e-01
3.906492341097864140e-01
3.781414443488468891e-01
3.591444646525289164e-01
2.963875583232843391e-01
3.026191620932890403e-01
3.265003717715026510e-01
2.900469757910060786e-01
3.099950428671658376e-01
3.195455453064099394e-01
2.917955895674859690e-01
2.909732952703311670e-01
3.148000155674079426e-01
2.679837300107191789e-01
3.385772000634513779e-01
2.754784967070761370e-01
3.425945535272619802e-01
3.450515292585198401e-01
3.616311618644068027e-01
3.248755974976063610e-01
3.452546260427569180e-01
3.347183611629476752e-01
3.300124600647723616e-01
3.263170893076789425e-01
3.649995963346795991e-01
2.742450552613439063e-01
2.565558207123083134e-01
2.015066850238644847e-01
1.909109771828151614e-01
1.406123248134766579e-01
1.162060356443087861e-01
6.738850372586967230e-02
1.173503126481808684e-01
7.562630743772805197e-02
7.654767333694972864e-02
9.392978591957812373e-02
1.862100296647432318e-01
2.199934459695382372e-01
1.737270078043204602e-01
1.891871313068519966e-01
1.302246673367677132e-01
1.336822662489006719e-01
1.720328834089773495e-01
9.119045612242979160e-02
1.734248394180165631e-01
1.283522140577043058e-01
2.304108249268672359e-01
6.907272096100608438e-02
2.256999702485886494e-01
1.259100990667565145e-01
1.607040457126333310e-01
1.980837611724549086e-01
1.595250936480378523e-01
1.535411688832002686e-01
1.267670684246347546e-01
2.152479162305362403e-01
1.748316561673657898e-01
1.965828264011421633e-01
2.153866164734298261e-01
2.063859614256567387e-01
2.357161092175469319e-01
2.142027108287310189e-01
2.351414939255592196e-01
2.346857645560517236e-01
2.345668786335715073e-01
3.036594139149909610e-01
3.194068450635164091e-01
2.956742427884030411e-01
3.321821281500363376e-01
3.201449284989144051e-01
2.827553058788861429e-01
2.683354341980564439e-01
2.751020246192221186e-01
2.668592673272604521e-01
2.976309069292232823e-01
2.868271487238335804e-01
2.974426708852962453e-01
2.820618046644181587e-01
3.321771745699330092e-01
3.224879718877953216e-01
3.116544922017855379e-01
3.432335653605931847e-01
3.206650544097653377e-01
3.494899370311145836e-01
3.442193278011583257e-01
3.420892883567211440e-01
3.486874570543731511e-01
3.410193150543991414e-01
3.508769394600504965e-01
3.497078945556616469e-01
3.434069406642101807e-01
3.511642471060443804e-01
3.500843666435156654e-01
3.487766214962332856e-01
3.445462640879789484e-01
3.441796991603315869e-01
3.440509060776446582e-01
3.425846463670553788e-01
3.468150037753097714e-01
3.393103299187460453e-01
3.422230350195113457e-01
3.371208475130687554e-01
3.177226278283799554e-01
3.321226851887962295e-01
3.391369546151290493e-01
3.388595541293418778e-01
3.355654233606192305e-01
3.353326050957621263e-01
3.370118687507951405e-01
3.351939048528685405e-01
3.346440574613975261e-01
3.360905028515734916e-01
3.302849069704562601e-01
3.317709810014589644e-01
3.281102853050889001e-01
3.331926584911181766e-01
3.213882771048533482e-01
3.261387604239586735e-01
3.274663198916544227e-01
3.218836351151875830e-01
3.244099609678922080e-01
3.223641323852117213e-01
3.255839594523843306e-01
3.250786942818433833e-01
3.235579451901172687e-01
3.239542315983846565e-01
3.204322361449082335e-01
3.224384360867619259e-01
3.209870371164825764e-01
3.212495768619597070e-01
3.157956851681797961e-01
3.177028135079665860e-01
3.187529724898752193e-01
3.186291329872916189e-01
3.153647236991889979e-01
3.138637889278762527e-01
3.160483177534502697e-01
3.138885568283929506e-01
3.139529533697363872e-01
3.140867000325266445e-01
3.109510838271109523e-01
3.124074363774935748e-01
3.106489154408070275e-01
3.025547655519456036e-01
3.071615950480540147e-01
3.098910176849956621e-01
3.081424039085157718e-01
3.061411575467655188e-01
3.064383723529660042e-01
3.045807798142126654e-01
3.036643674950942895e-01
3.024061581488453609e-01
3.033671526888937486e-01
3.024408332095687713e-01
3.017225640945840892e-01
2.986315301100984088e-01
2.895516177806718439e-01
2.975764175480865026e-01
2.907454305855773913e-01
2.961349257380139210e-01
2.913448137780818015e-01
2.958377109318133247e-01
2.945448265248409858e-01
2.889423274279607767e-01
2.904630765196868358e-01
2.900866044318328174e-01
2.745670379680612005e-01
2.832358031489103367e-01
2.888135343452738479e-01
2.882686405339062174e-01
2.827800737794028407e-01
2.911714384744648054e-01
2.776679791127535379e-01
2.880061007884290314e-01
2.832209424086002958e-01
2.827305379783694450e-01
2.833943177122173473e-01
2.799713938608077157e-01
2.723131590210404185e-01
2.762760231037142966e-01
2.803874945894884729e-01
2.713323501605786059e-01
2.782079193440177844e-01
2.600431411050613262e-01
2.659329478479354747e-01
2.781881050236044706e-01
2.717335901489493777e-01
2.608357139215961573e-01
2.760233905184438785e-01
2.726846775287910529e-01
2.398374878635277929e-01
2.532270148828622003e-01
2.445235746412896816e-01
2.364393319126349147e-01
2.714809575636789041e-01
2.363303531503613830e-01
2.385693713570721242e-01
2.284244393054269406e-01
2.336554198945565153e-01
2.204987111400791566e-01
2.193990163571371554e-01
2.199983995496415934e-01
2.380938276671512865e-01
1.874434711104754903e-01
2.272009050199013946e-01
1.957506249437806489e-01
1.944230654760848997e-01
2.253680803816646983e-01
1.563944310227254886e-01
1.948243054644556160e-01
1.268066970654614656e-01
1.415535050331117317e-01
1.180586746029588241e-01
9.522267032655049035e-02
3.772844749909686629e-02
1.028511836856977474e-01
5.360269029826784243e-02
6.718045336152929370e-02
8.794090757463718377e-02
3.871668672971367853e-02
6.070612416646081061e-02
5.150237233445068008e-02
6.832968394550473223e-02
2.446771356244932874e-02
7.446221611344258640e-02
4.703226164919451641e-02
5.019462718716829336e-02
3.347035004226376481e-02
1.396959124943583097e-01
1.107570975306321759e-01
7.262443789510256154e-02
1.980837611724549363e-02
7.340710355143066287e-03
6.102810687317807015e-02
1.360847525990217521e-01
9.623815424773567162e-02
1.410977756636042080e-01
1.211001727864110533e-01
9.157188179038715237e-02
1.064078541998975669e-01
1.474086367152624144e-01
5.371166906054137408e-02
6.923123552431303951e-02
7.472475585891974470e-02
2.809422955610628436e-02
1.282878175163608414e-01
1.035001026792355810e-01
5.769930104373199170e-02
9.636199375031923031e-02
1.172314267257006659e-01
1.127533903122791420e-01
6.758169334990002386e-02
1.481269058302470687e-01
1.329392292333993197e-01
1.488055463044049564e-01
1.474680796765025226e-01
1.593219968638008299e-01
1.355844410085841611e-01
1.642953912875565747e-01
1.655090184128754360e-01
2.211476301336170180e-01
1.898806325213199253e-01
1.836787502319352783e-01
1.772440496776935548e-01
1.937097499412036017e-01
1.982323685755551790e-01
1.998670500096581537e-01
2.166250114992654130e-01
2.117655494178865561e-01
2.148367690819588116e-01
2.155897132576668485e-01
1.594706042669011004e-01
2.137073528183967841e-01
2.251253549566009371e-01
2.231092478545405877e-01
1.703585733340476360e-01
2.284293928855302969e-01
2.083079505057535696e-01
2.150993088274359699e-01
1.530804859335894441e-01
2.073221880651884563e-01
1.985543512822724455e-01
1.927338946608451453e-01
2.254770591439382299e-01
2.154510130147732627e-01
1.587077529309863788e-01
1.965828264011421633e-01
2.185717684798789973e-01
2.112107484463121854e-01
2.237581668480784491e-01
2.148367690819588116e-01
2.216776632046746631e-01
2.113742165897224967e-01
2.040280572964657813e-01
2.255216413648683249e-01
2.052070093610612600e-01
1.727263846234452782e-01
2.119587390419168937e-01
2.067376656129940315e-01
2.067772942538207981e-01
2.052813130626113813e-01
1.716167826802965923e-01
2.066336404308238561e-01
2.272306265005214487e-01
2.033147417615844832e-01
2.049741910962041558e-01
1.959041859269842756e-01
2.143265503313145637e-01
1.997233961866612395e-01
2.009766519528068673e-01
2.219402029501517937e-01
2.052912202228180660e-01
2.023587008016393685e-01
2.204788968196657872e-01
2.152677305509496097e-01
2.171748588907363997e-01
2.112157020264155416e-01
2.165903364385420304e-01
2.200033531297449219e-01
2.134794881336430084e-01
2.100317963817167066e-01
2.119537854618135375e-01
2.186559793416358033e-01
2.214052162989908201e-01
2.048800730742406651e-01
2.206522721232827833e-01
2.209693012498966658e-01
2.176008667796238694e-01
2.232429945173308450e-01
2.205581541013192648e-01
2.147822797008220319e-01
2.223810715793492487e-01
2.199835388093315525e-01
2.218956207292217264e-01
2.192405017938301726e-01
2.213953091387841354e-01
2.189185190871129338e-01
2.180120139282012981e-01
2.186014899604990513e-01
2.188442153855628125e-01
2.165308934773019223e-01
2.154757809152899883e-01
2.160850712680011110e-01
2.174720736969369683e-01
2.165457542176119354e-01
2.171055087692896346e-01
2.176107739398305541e-01
2.163921932344083365e-01
2.142918752705911534e-01
2.135290239346764318e-01
2.120280891633637144e-01
2.101110536633701842e-01
2.134398594928162696e-01
2.085259080303006329e-01
2.062175397021430989e-01
2.107698798171147303e-01
2.024429116633962022e-01
2.042608755613228577e-01
1.950274022486926662e-01
1.875772177732657198e-01
1.897221179580129702e-01
1.761889371156815931e-01
1.875970320936790892e-01
1.826929877913701650e-01
1.840700830600993099e-01
1.757282541660707686e-01
1.171818909246672286e-01
1.837134252926586608e-01
1.934967459967598669e-01
1.937543321621336689e-01
1.925654729373314777e-01
1.925159371362980820e-01
1.954435029773734234e-01
1.976230782228440841e-01
1.990893379334334190e-01
2.026806835083566349e-01
2.012441452783873541e-01
2.000602396336885191e-01
1.959339074076043297e-01
1.768180417888060851e-01
1.930806452680791097e-01
1.994707636013907659e-01
2.010014198533235652e-01
2.024924474644295980e-01
2.001494040755486814e-01
1.990942915135367475e-01
1.941506185704010568e-01
1.957753928442973745e-01
1.981630184541083861e-01
1.879685506014297791e-01
1.956961355626438970e-01
1.917481322202800043e-01
1.922038615897875280e-01
1.848775166169441264e-01
1.762632408172317422e-01
1.859375827590594166e-01
1.938187287034771333e-01
